600051
600209
600212
600256
600576
600603
600614
600620
600622
600624
600647
600656
600687
600701
600730
600770
600777
600800
600805
600811
600846
600892
000008
000301
000576
000632
000633
000652
000701
000839
000881
000909
600012
600020
600033
600035
600106
600269
600350
600368
600377
600548
601107
601188
601518
000429
000548
000828
000886
000900
000916
600061
600063
600527
600810
600889
601113
601233
000420
000584
000615
000677
000687
000703
000782
000936
000949
000976
002015
002064
002080
002172
002206
002254
002427
002493
300180
600031
600114
600149
600169
600218
600243
600262
600320
600346
600388
600421
600435
600475
600499
600520
600526
600579
600582
600592
600619
600710
600761
600765
600806
600815
600841
600855
600860
600984
601002
601038
601100
601106
601177
601218
601226
601369
601608
601717
601798
603011
603012
603088
603169
603308
603315
603318
603338
603355
603698
603699
603789
000039
000157
000404
000410
000425
000519
000528
000530
000551
000570
000595
000617
000678
000680
000777
000811
000816
000821
000837
000852
000856
000880
000903
000923
000925
002006
002009
002011
002026
002046
002050
002097
002101
002122
002131
002147
002150
002158
002204
002209
002248
002255
002270
002272
002278
002282
002328
002337
600062
600079
600080
600085
600129
600161
600196
600200
600201
600211
600216
600222
600252
600267
600276
600285
600329
600332
600351
600380
600420
600422
600436
600466
600479
600488
600513
600518
600521
600530
600535
600557
600566
600572
600594
600613
600645
600664
600666
600671
600750
600771
600781
600789
600812
600829
600867
600976
600993
603168
603222
603456
603567
603998
000004
000078
000153
000403
000423
000513
000518
000538
000566
000590
000597
000606
000623
000650
000661
000739
000756
000766
000788
000790
000908
000915
000919
000952
000963
000989
000999
002001
002007
002019
002020
002022
002030
002038
002099
002107
002118
002166
002198
002219
002252
002262
002275
002287
002294
002317
600028
600387
600583
600688
600759
600871
601808
601857
603003
000059
000096
000159
000554
000637
000819
002207
002221
002554
002629
300084
300157
300164
300191
600176
600184
600293
600529
600552
600586
600629
600819
600876
601636
603021
603601
000012
002571
002623
300093
300160
300196
300395
600366
600651
600848
601222
601567
603100
000676
000980
000988
002008
002058
002121
002175
002197
002214
002236
002338
002356
002414
002415
002518
002527
002658
300007
300012
300066
300097
300099
300105
300112
300124
300137
300165
300203
300259
300286
300306
300338
300349
300354
300360
300370
300371
300410
300416
300417
300430
300445
600004
600009
600017
600018
600026
600029
600057
600115
600119
600125
600180
600190
600221
600242
600270
600279
600317
600386
600428
600495
600561
600575
600611
600650
600662
600692
600708
600717
600751
600787
600794
600798
600834
600835
600894
600896
600897
600967
601000
601006
601008
601018
601021
601111
601313
601333
601766
601866
601872
601880
601919
603111
603128
603167
603611
000022
000088
000089
000099
000421
000507
000520
000582
000905
000920
000996
002040
002183
002210
002245
002320
002357
002367
002448
002492
002592
002627
002682
002689
002711
300011
300013
300240
300350
600038
600118
600316
600343
600372
600391
600879
600893
000738
000768
000901
002023
002111
300424
600097
600108
600127
600189
600195
600251
600257
600265
600275
600313
600354
600359
600371
600438
600467
600506
600540
600598
600965
600975
601996
603609
000048
000061
000592
000663
000702
000713
000735
000798
000876
000998
002041
002069
002086
002100
002124
002157
002173
002234
002299
002311
002321
002385
002447
002458
002477
002505
002548
002567
002679
002696
002714
002746
300021
300087
300094
300106
300143
300189
300268
300313
300381
600039
600068
600170
600248
600284
600321
600326
600491
600502
600512
600528
600545
600634
600681
600820
600853
600970
600986
601117
601186
601390
601618
601668
601669
601789
601800
601886
603017
603018
603030
603828
603969
000010
000023
000055
000065
000090
000498
000509
000619
000786
000928
000961
002043
002047
002051
002060
002062
002066
002081
002116
002135
002140
002163
002178
002205
002225
002247
002271
002307
002310
002314
002325
002372
002375
002392
002398
002431
002468
002469
002482
002542
002586
002596
002620
002628
002652
002659
002663
002671
002713
002717
002738
002742
300080
300117
300163
300284
300344
300374
600143
600146
600444
600458
600589
603806
000407
000859
000973
002002
002108
002243
002263
002324
002343
002420
002457
002464
002522
002585
002641
002676
002694
002735
300169
300198
300218
300221
300230
300305
300321
300325
300393
600056
600122
600136
600280
600306
600327
600361
600415
600511
600515
600628
600655
600682
600693
600694
600697
600712
600713
600723
600729
600738
600753
600774
600778
600785
600790
600814
600821
600824
600827
600828
600833
600838
600856
600857
600858
600859
600861
600865
600891
600898
600998
601010
601116
601607
601933
603123
603368
603883
603939
000026
000028
000062
000408
000411
000416
000417
000419
000501
000516
000560
000564
000587
000591
000638
000679
000705
000715
000759
000785
000829
000882
000889
000906
000987
002024
002187
002251
002264
002277
002336
002344
002416
002419
002441
002462
002556
002561
002589
002697
300022
300413
600070
600152
600156
600220
600232
600370
600448
600493
600626
600630
600689
600735
600851
600987
601339
601599
603558
603889
000018
000045
000158
000611
000726
000779
000803
000813
000850
000955
000971
000982
002034
002042
002070
002072
002083
002087
002127
002144
002193
002394
002404
002516
600055
600297
600587
600763
603309
000150
002223
002382
002432
002551
002614
300003
300015
300030
300061
300171
300206
300216
300238
300244
300246
300247
300273
300298
300314
300318
300326
300347
300396
300404
300412
600111
600139
600219
600255
600259
600311
600331
600338
600362
600390
600432
600456
600459
600489
600497
600531
600547
600549
600595
600673
600711
600714
600768
600888
600961
601137
601168
601600
601677
601899
601958
000060
000426
000587
000603
000612
000630
000657
000697
000751
000758
000762
000807
000831
000878
000960
000962
002082
002114
002149
002155
002160
002167
002171
002182
002203
002237
002295
002333
002340
002378
002379
002428
002460
002501
002540
002578
002617
300034
600167
600168
600187
600283
600323
600333
600461
600617
600635
600649
600719
600758
600917
600982
601139
601158
601199
000593
000605
000669
000685
000692
000695
002267
002700
600089
600192
600268
600290
600312
600416
600517
600525
600550
600580
600590
600875
600973
601126
601179
601558
601700
601727
601877
603333
603618
000400
000585
000682
000806
000967
002028
002074
002112
002123
002130
002168
002169
002202
002212
002227
002276
002300
002323
002350
002358
002451
002471
002498
002531
002533
002560
002622
002660
300001
300004
300018
300040
300048
300062
300069
300120
300125
300129
300141
300153
300208
300341
300372
300444
600069
600103
600163
600235
600308
600356
600433
600462
600567
600793
600963
600966
000488
000815
000820
000833
002012
002067
002078
002235
002303
002511
002521
002565
600072
600150
600685
601890
601989
002608
300008
300123
600121
600123
600157
600179
600188
600348
600381
600395
600397
600403
600408
600508
600546
600652
600714
600721
600725
600740
600792
600971
600997
601001
601011
601015
601088
601101
601225
601666
601699
601898
601918
000034
000552
000571
000723
000780
000933
000937
000968
000983
002128
600073
600186
600191
600260
600298
600300
600305
600419
600429
600597
600695
600737
600866
600872
600873
600887
600962
603020
603288
000019
000529
000639
000716
000796
000848
000893
000895
000911
000930
000972
002216
002220
002286
002329
002330
002387
002481
002495
002507
002515
002557
002568
002570
002582
002604
002626
002650
002661
002695
002702
002719
002726
002732
300138
300146
300149
300175
300401
600145
603268
002102
002162
300089
300234
300409
600302
600610
600843
000666
002021
002196
002722
300384
600005
600010
600019
600022
600117
600126
600165
600193
600231
600282
600307
600399
600477
600496
600507
600532
600558
600569
600581
600782
600784
600808
600882
600992
601003
601005
601028
601969
000409
000629
000655
000708
000709
000717
000761
000778
000825
000890
000898
000932
000959
000969
002075
002110
002132
002318
002359
002423
002443
002478
002487
002524
002541
002545
002615
002743
300345
600008
600292
600874
603126
603588
603686
000544
000598
000826
002200
002549
002573
002616
002672
300055
300070
300156
300172
300187
300190
300197
300262
300332
300335
300355
300388
300422
600059
600084
600090
600132
600197
600199
600238
600365
600519
600543
600559
600573
600600
600616
600702
600779
600809
601579
603369
000557
000568
000596
000729
000752
000799
000858
000860
000869
000929
000995
002304
002461
002646
601619
601878
603042
603043
603063
603200
603226
603233
603286
603305
603316
603326
603331
603335
603380
603387
603496
603536
603595
603612
603617
603676
603679
603707
603730
603757
603767
603801
603879
603933
603938
603980
002875
002877
002878
002879
002880
002881
002882
002883
002884
002885
002886
002888
002889
300658
300660
300661
300662
300663
300665
300666
300667
300668
300669
300670
300671
300672
300673
300675
300676
300677
300678
300679
300680
300681
600112
600202
600379
600405
600468
600482
600560
600577
600847
600885
601311
601616
603015
603606
603703
603988
000049
000922
002164
002176
002249
002266
002298
002309
002322
002334
002335
002339
002364
002380
002452
002546
002576
002580
002606
002617
002647
002664
002665
002670
002684
002706
002730
002733
300068
300140
300217
300222
300252
300265
300274
300283
300356
300376
300403
300407
300438
300447
600037
600088
600234
600373
600551
600633
600637
600757
600825
600831
600959
601098
601801
601928
601929
601999
000156
000504
000607
000665
000719
000793
000835
000917
002071
002143
002181
002238
002292
002624
002712
002739
300027
300133
300148
300251
300291
300336
300364
300426
600075
600078
600091
600135
600141
600155
600160
600228
600229
600249
600273
600277
600281
600299
600301
600309
600315
600319
600328
600339
600352
600367
600378
600409
600481
600490
600599
600618
600636
600722
600746
600844
600985
601118
601208
601216
601678
603002
603010
603077
603188
000510
000523
000545
000565
000627
000635
000662
000683
000698
000707
000737
000755
000818
000822
000887
000985
000990
002010
002014
002037
002053
002054
002061
002068
002092
002094
002096
002109
002125
002136
002145
002165
002192
002201
002211
002217
002224
002226
002246
002250
002256
002319
002326
002341
002360
002361
002377
002381
002386
002395
002407
002408
002409
002411
002440
002442
002450
002453
002455
600048
600052
600053
600067
600077
600082
600094
600095
600113
600133
600159
600162
600173
600175
600185
600208
600223
600225
600239
600240
600246
600266
600322
600325
600340
600376
600383
600393
600463
600503
600510
600533
600565
600568
600606
600615
600621
600638
600641
600657
600663
600665
600675
600683
600684
600696
600716
600724
600732
600733
600743
600745
600748
600767
600773
600791
600807
600823
600862
600890
601588
000002
000005
000006
000009
000011
000014
000029
000031
000036
000038
000040
000042
000043
000046
000056
000402
000502
000505
000506
000514
000517
000526
000534
000537
000540
000558
000567
000573
000608
000609
000616
000620
000631
000656
000667
000668
000671
000691
000718
600000
600015
600016
600030
600036
600109
600291
600369
600643
600705
600816
600830
600837
600958
600999
601009
601099
601166
601169
601198
601288
601318
601328
601336
601377
601398
601555
601601
601628
601688
601788
601818
601901
601939
601988
601998
000001
000166
000415
000563
000686
000712
000728
000750
000776
000783
002142
002500
002673
002736
600172
600516
600783
603022
603023
603026
603108
603116
603198
603227
603300
603311
603566
603568
603598
603669
603688
603718
603885
603901
603918
603968
603989
900901
900902
900903
900904
900905
900906
900907
900908
900909
900910
900911
900912
900913
900914
900915
900916
900917
900918
900919
900920
900921
900922
900923
900924
900925
900926
900927
900928
900929
900930
900932
900933
900934
900935
900936
900937
900938
900939
900940
900941
900942
900943
900945
900946
900947
900948
900951
900952
900953
900955
900956
900957
000511
000795
002088
002297
002352
002753
002755
002756
002757
002758
002759
200011
200012
200016
200017
200018
200019
200020
200022
200025
200026
200028
200029
200030
200037
600007
600064
600215
600604
600639
600648
600658
600736
600895
000628
600050
600074
600076
600100
600105
600130
600198
600271
600288
600289
600330
600345
600406
600410
600446
600455
600476
600485
600487
600498
600522
600536
600556
600562
600570
600571
600588
600601
600608
600654
600677
600680
600718
600728
600734
600756
600764
600775
600776
600797
600804
600845
600850
600990
601519
603000
603019
603025
603636
000021
000032
000035
000063
000066
000070
000503
000532
000547
000555
000561
000586
000681
000711
000748
000801
000836
000851
000892
000938
000948
000970
000977
000997
002017
002027
002052
002063
002065
002073
002089
002090
002093
002095
002115
002148
002151
002152
002153
002161
002174
002177
002180
002184
002194
002195
002230
002231
002232
002253
002261
600086
600107
600137
600177
600233
600272
600295
600398
600400
600439
600612
600884
601566
601718
603001
603518
603555
603808
002003
002029
002036
002044
002098
002154
002239
002269
002291
002293
002327
002345
002397
002425
002485
002486
002494
002503
002517
002563
002569
002574
002612
002634
002640
002656
002674
002687
002731
002740
300005
600083
600151
600171
600183
600203
600206
600207
600237
600353
600355
600360
600363
600401
600460
600478
600537
600563
600584
600602
600667
600703
600707
600747
600817
600980
601012
601231
601908
603005
603118
603328
603678
000020
000050
000058
000068
000413
000536
000636
000670
000725
000727
000733
000810
000823
002025
002045
002049
002055
002056
002057
002079
002104
002106
002119
002129
002134
002137
002138
002139
002141
002156
002179
002185
002188
002189
002199
002218
002222
002241
002273
002288
002289
002371
002388
002389
002402
002426
002436
002449
002456
002463
002475
002484
002504
002506
002512
002579
002587
002600
002618
002636
002638
002654
002655
002724
002729
002745
300014
300029
600011
600021
600023
600027
600098
600101
600110
600116
600131
600236
600310
600396
600452
600483
600505
600509
600578
600642
600644
600674
600726
600744
600769
600780
600795
600863
600864
600868
600869
600886
600900
600969
600979
600995
601016
601991
000027
000037
000531
000539
000543
000600
000601
000690
000720
000722
000767
000791
000862
000875
000883
000899
000939
000958
000966
000993
001896
002039
002479
002692
300423
600006
600066
600081
600093
600104
600148
600166
600178
600182
600213
600303
600335
600375
600418
600469
600480
600501
600523
600609
600623
600653
600660
600676
600686
600698
600699
600715
600741
600742
600760
600960
601058
601238
601258
601633
601689
601799
601965
603006
603009
603158
603166
603306
603788
603997
000025
000030
000338
000550
000559
000572
000581
000589
000599
000622
000625
000700
000710
000753
000757
000760
000800
000868
000927
000951
000957
002013
002031
002048
002085
002126
002190
002213
002265
002283
002284
002355
002363
002406
002434
002454
002488
002510
002536
002555
002590
002593
002594
002602
002607
002625
002662
002703
002708
002715
002725
300100
300176
300258
300304
600337
600978
603008
603600
603818
603898
000910
002084
002120
002240
002259
002489
002572
002631
002718
002751
600096
600226
600227
600230
600389
600423
600426
600470
600486
600538
600596
600691
600727
600731
600796
600803
603599
000155
000422
000525
000553
000731
000792
000830
000902
000912
000950
000953
002004
002018
002113
002170
002215
002258
002274
002391
002470
002496
002513
002538
002539
002588
002734
002749
300261
600054
600138
600258
600358
600555
600593
600640
600706
600749
600754
601007
601888
603099
603199
603869
000007
000033
000069
000428
000430
000524
000610
000613
000721
000802
000888
000978
002033
002059
002159
002186
002306
002558
002707
300144
300178
600217
600318
600425
600449
600539
600585
600668
600678
600720
600801
600802
600881
600883
601992
000401
000546
000672
000789
000877
000885
000935
002233
002302
002346
002619
600058
600120
600128
600153
600241
600247
600250
600278
600287
600382
600500
600605
600704
600739
600755
600822
600826
600981
000151
000626
002091
600099
600877
601777
603766
000913
001696
600210
600836
600880
601515
603729
000659
000673
000812
002117
002191
002228
002229
002374
002400
002599
002701
002752
300057
300058
300071
600060
600261
600336
600690
600839
600854
600870
600983
603366
603519
000016
000100
000333
000418
000521
000533
000541
000651
000921
002005
002032
002035
002076
002242
002260
002290
002403
002429
002473
002508
002543
002668
002677
002681
002705
002723